    0  000034e0 00000000 00000001 00000000 0000000e 00000000 9ea71dea 00000002
   32  2ce3ed24 641ee037 caf05425 bf55684e 37f8ca57 e023e13f 117c94fe ac3c0bd2
   64  2850d090 77eaebca 00000000 00000000 dc6d0000 1ad9b8cd 00000000 01bf0000
   96  00000000 00000000 00000000 00000000 00000000 34d30000 00000000 34dc0000
  128  00000000 00010000 00000000 000a0000 00000000 dc6d0000 0002b8cd b8d30000
  160  5a1ea3d5 21616cbd 4db9c22c e86b604f 6dffd44a 957d5dbf f7facad4 efe8d791
  192  5bebb20d 00001c82 00000000 00000000 10e056f9 00001c98 00000000 00000167
  224  00000000 00000000 00000000 00000000 00000000 000034be 00000000 000034c7
  256  00000000 00000001 00000000 0000000a 00000000 10e056f9 00000002 f7f0626e
  288  adc6b68a 54fb6fd3 a6d72b6d e794b027 ec47b9be 6e80e125 5f188e9f add0eff2
  320  c3b3fe10 00000000 00000000 b67b0000 1dffdb4a 00000000 01bf0000 00000000
  352  00000000 00000000 00000000 00000000 352b0000 00000000 35320000 00000000
  384  00010000 00000000 00090000 00000000 b67b0000 0002db4a 70600000 4417b201
  416  aa08e9fe 1f3ec072 b225dd49 978725d0 c3270136 5ac21996 db06eb27 67a74bd0
  448  00000d5a 00000000 00000000 45a5bd22 00001fbe 00000000 00000167 00000000
  480  00000000 00000000 00000000 00000000 000034c0 00000000 000034c7 00000000
  512  00000001 00000000 00000008 00000000 45a5bd22 00000002 ff448b1e 6651ea86
  544  3f11036e 664c5f3c f7c88fba a21c94eb 4d810008 ef57cc5f 524c67ba 36e15b8b
  576  00000000 00000000 05d80000 212587a7 00000000 01bf0000 00000000 00000000
  608  00000000 00000000 00000000 352b0000 00000000 352e0000 00000000 00010000
  640  00000000 00050000 00000000 05d80000 000287a7 b8d30000 5a1ea3d5 21616cbd
  672  4db9c22c e86b604f 55aad44a 5398eb93 6b48cc36 f2e9e860 325de744 0000c0e9
  704  00000000 00000000 4d41524b 454f462d 43414348 50495045 00000013 00000000
  736  142d2318 1e417877 4ff10752 24384590 001d57d2 00000000 00000100 3b3f4100
  768  a4b8c0a8 878fd125 09373c63 6b291924 2a9f94d7 c669ed96 44123bec 9b6a41b2
  800  21e117c6 00000002 00000000 00000000 00000000 00000000 00000000 00000000
  832  00000000 00000000 00000000 00000000 00000000 00000000 00000000 00000000
  864  00000600 02000000 00000804 04000100 01004000 04100100 01004001 04200100
  896  01004002 04300100 01004003 04000200 01001005 05040000 07050000 00000100
  928  000f0001 01000001 01000f00 00010000 0001000f 0f000100 00000100 000f0001
  960  01000001 01000f00 00010000 0000000f 00000000 00000000 00000000 00000200
  992  00000000 00000000 03000000 00000000 00000007 00000000 00000007 001affff
 1024  00090000 00000010 00000000 00000000 00000000 00000000 00000000 00000000
 1056  00000000 00000000 00000000 00000000 00000000 00000000 00000000 00000000
 1088  00000000 00000000 00000000 00010000 00010000 00000000 000b0000 0a0c0000
 1120  02020010 01010000 00000001 dcd009f8 9f350945 8994cdb2 d34e9454 9e8328f9
 1152  50ccbc61 ec512c94 14f1ecc5 7785da85 22eb0313 00000000 00000000 00000000
 1184  00000000 00000000 00000000 00000000 00000000 00000000 00000000 00000000
 1216  00000000 00000000 00000000 00000000 00000006 04020000 00000008 00040001
 1248  00010040 01041001 00010040 02042001 00010040 03043001 00010040 05040002
 1280  00010010 00050400 00070500 01000001 01000f00 00010000 0001000f 0f000100
 1312  00000100 000f0001 01000001 01000f00 00010000 0001000f 0f000100 00000000
 1344  00000000 00000000 00000000 00000002 00000000 00000000 00030000 07000000
 1376  00000000 07000000 ff000000 00001aff 10000900 00000000 00000000 00000000
 1408  00000000 00000000 00000000 00000000 00000000 00000000 00000000 00000000
 1440  00000000 00000000 00000000 00000000 00000000 00000000 00000000 00000100
 1472  00000100 00000000 00000b00 100a0c00 00020200 01010100 49000000 9fde6e14
 1504  32378838 c86443c4 1489c19d 6a8e9aaa c01e8e47 7b58829b 6c15ab3e da83e210
 1536  009873c6 00000000 00000000 00000000 00000000 00000000 00000000 00000000
 1568  00000000 00000000 00000000 00000000 00000000 00000000 00000000 06000000
 1600  00000000 08040200 01000000 40000400 01000100 40010410 01000100 40020420
 1632  01000100 40030430 02000100 10050400 00000100 00000504 01000705 00010000
 1664  0001000f 0f000100 00000100 000f0001 01000001 01000f00 00010000 0001000f
 1696  0f000100 00000100 000f0001 00000000 00000000 00000000 02000000 00000000
 1728  00000000 00000000 00000300 00070000 00000000 00070000 ffff0000 0000001a
 1760  00100009 00000000 00000000 00000000 00000000 00000000 00000000 00000000
 1792  00000000 00000000 00000000 00000000 00000000 00000000 00000000 00000000
 1824  00000000 00000000 00000000 00000001 00000001 00000000 0000000b 00100a0c
 1856  00000202 00010101 6d470000 59ae804c fd31de5b 13bb7d50 4e65fcb9 236016dc
 1888  0dc0e615 1b8e771b 8ac865ab 5177b38a 00002a03 00000000 00000000 00000000
 1920  00000000 00000000 00000000 00000000 00000000 00000000 00000000 00000000
 1952  00000000 00000000 00000000 00100000 00000000 00600e04 10000001 00600804
 1984  20000001 00600904 30000001 00600a04 40000001 00600f04 50000001 00600b0a
 2016  58000001 00600c02 00010001 00100d04 00020001 000c0003 00030000 00080105
 2048  04030000 00080205 00040000 00040307 00050000 0008040c 04050000 0008050c
 2080  04050000 0008060c 04050000 0008070c 04000000 05000005 00010007 0f000100
 2112  00000100 000f0001 01000001 01000f00 00010000 0001000f 0f000100 00000100
 2144  000f0001 01000001 00000f00 00000000 00000000 00000000 00020000 00000000
 2176  00000000 00000000 00000003 00000700 00000000 00000700 1affff00 09000000
 2208  00001000 00000000 00000000 00000000 00000000 00000000 00000000 00000000
 2240  00000000 00000000 00000000 00000000 00000000 00000000 00000000 00000000
 2272  00000000 00000000 01000000 01000000 00000000 0b000000 0c000000 0200100a
 2304  01000002 00000101 08e48900 8eec26ee fd0c5004 05dd3da6 e9b0a12b e1903bdd
 2336  a23fc1fc 9ed8aef7 24e4ebbd 3ebddbe4 0000008c 00000000 00000000 00000000
 2368  00000000 00000000 00000000 00000000 00000000 00000000 00000000 00000000
 2400  00000000 00000000 00000000 00001000 04000000 0100600e 04100000 01006008
 2432  04200000 01006009 04300000 0100600a 04400000 0100600f 0a500000 0100600b
 2464  02580000 0100600c 04000100 0100100d 03000200 00000c00 05000300 00000801
 2496  05040300 00000802 07000400 00000003 0c000500 00000804 0c040500 00000805
 2528  0c040500 00000806 0c040500 00000807 05040000 07050000 00000100 000f0001
 2560  01000001 01000f00 00010000 0001000f 0f000100 00000100 000f0001 01000001
 2592  01000f00 00010000 0000000f 00000000 00000000 00000000 00000200 00000000
 2624  00000000 03000000 00000000 00000007 00000000 00000007 001affff 00090000
 2656  00000010 00000000 00000000 00000000 00000000 00000000 00000000 00000000
 2688  00000000 00000000 00000000 00000000 00000000 00000000 00000000 00000000
 2720  00000000 00000000 00010000 00010000 00000000 000b0000 0a0c0000 02020010
 2752  01010000 00000001 7479d9d6 74cf3e31 fadf737f d9103a47 6e46b5e1 7076cb24
 2784  31e0c670 b7198dd7 28cbf723 64bb858f 00000000 00000000 00000000 00000000
 2816  00000000 00000000 00000000 00000000 00000000 00000000 00000000 00000000
 2848  00000000 00000000 00000000 00000006 04020000 00000008 00040001 00010040
 2880  01041001 00010040 02042001 00010040 03043001 00010040 05040002 00010010
 2912  00050400 00070500 01000001 01000f00 00010000 0001000f 0f000100 00000100
 2944  000f0001 01000001 01000f00 00010000 0001000f 0f000100 00000000 00000000
 2976  00000000 00000000 00000002 00000000 00000000 00030000 07000000 00000000
 3008  07000000 ff000000 00001aff 10000900 00000000 00000000 00000000 00000000
 3040  00000000 00000000 00000000 00000000 00000000 00000000 00000000 00000000
 3072  00000000 00000000 00000000 00000000 00000000 00000000 00000100 00000100
 3104  00000000 00000b00 100a0c00 00020200 01010100 80000000 b2aa0b86 1d66daaa
 3136  cd3e15b9 319a9000 92a8eac0 c7b8a4fe cf424457 c3757b0f 0c227302 0049c298
 3168  00000000 00000000 00000000 00000000 00000000 00000000 00000000 00000000
 3200  00000000 00000000 00000000 00000000 00000000 00000000 06000000 00000000
 3232  08040200 01000000 40000400 01000100 40010410 01000100 40020420 01000100
 3264  40030430 02000100 10050400 00000100 00000101 01000705 00010000 0001000f
 3296  0f000100 00000100 000f0001 01000001 01000f00 00010000 0001000f 0f000100
 3328  00000100 000f0001 00000000 00000000 00000000 02000000 00000001 00000000
 3360  00000000 00000300 00070000 00000000 00070000 ffff0000 0000001a 00100009
 3392  00000000 00000000 00000000 00000000 00000000 00000000 00000000 00000000
 3424  00000000 00000000 00000000 00000000 00000000 00000000 00000000 00000000
 3456  00000000 00000000 00000001 00000001 00000000 0000000b 00100a0c 00000202
 3488  00010101 e2d20000 9b794ad2 50b0d912 78511eb9 dff30a1b d143e670 42ab6153
 3520  079ec4de 084acc92 fe4694af 0000a6b4 00000000 00000000 00000000 00000000
 3552  00000000 00000000 00000000 00000000 00000000 00000000 00000000 00000000
 3584  00000000 00000000 00100000 00000000 00600e04 10000001 00600804 20000001
 3616  00600904 30000001 00600a04