     0 e0 34 00 00 00 00 00 00 01 00 00 00 00 00 00 00  .4..............
    16 0e 00 00 00 00 00 00 00 ea 1d a7 9e 02 00 00 00  ................
    32 24 ed e3 2c 37 e0 1e 64 25 54 f0 ca 4e 68 55 bf  $..,7..d%T..NhU.
    48 57 ca f8 37 3f e1 23 e0 fe 94 7c 11 d2 0b 3c ac  W..7?.#...|...<.
    64 90 d0 50 28 ca eb ea 77 00 00 00 00 00 00 00 00  ..P(...w........
    80 00 00 6d dc cd b8 d9 1a 00 00 00 00 00 00 bf 01  ..m.............
    96 00 00 00 00 00 00 00 00 00 00 00 00 00 00 00 00  ................
   112 00 00 00 00 00 00 d3 34 00 00 00 00 00 00 dc 34  .......4.......4
   128 00 00 00 00 00 00 01 00 00 00 00 00 00 00 0a 00  ................
   144 00 00 00 00 00 00 6d dc cd b8 02 00 00 00 d3 b8  ......m.........
   160 d5 a3 1e 5a bd 6c 61 21 2c c2 b9 4d 4f 60 6b e8  ...Z.la!,..MO`k.
   176 4a d4 ff 6d bf 5d 7d 95 d4 ca fa f7 91 d7 e8 ef  J..m.]}.........
   192 0d b2 eb 5b 82 1c 00 00 00 00 00 00 00 00 00 00  ...[............
   208 f9 56 e0 10 98 1c 00 00 00 00 00 00 67 01 00 00  .V..........g...
   224 00 00 00 00 00 00 00 00 00 00 00 00 00 00 00 00  ................
   240 00 00 00 00 be 34 00 00 00 00 00 00 c7 34 00 00  .....4.......4..
   256 00 00 00 00 01 00 00 00 00 00 00 00 0a 00 00 00  ................
   272 00 00 00 00 f9 56 e0 10 02 00 00 00 6e 62 f0 f7  .....V......nb..
   288 8a b6 c6 ad d3 6f fb 54 6d 2b d7 a6 27 b0 94 e7  .....o.Tm+..'...
   304 be b9 47 ec 25 e1 80 6e 9f 8e 18 5f f2 ef d0 ad  ..G.%..n..._....
   320 10 fe b3 c3 00 00 00 00 00 00 00 00 00 00 7b b6  ..............{.
   336 4a db ff 1d 00 00 00 00 00 00 bf 01 00 00 00 00  J...............
   352 00 00 00 00 00 00 00 00 00 00 00 00 00 00 00 00  ................
   368 00 00 2b 35 00 00 00 00 00 00 32 35 00 00 00 00  ..+5......25....
   384 00 00 01 00 00 00 00 00 00 00 09 00 00 00 00 00  ................
   400 00 00 7b b6 4a db 02 00 00 00 60 70 01 b2 17 44  ..{.J.....`p...D
   416 fe e9 08 aa 72 c0 3e 1f 49 dd 25 b2 d0 25 87 97  ....r.>.I.%..%..
   432 36 01 27 c3 96 19 c2 5a 27 eb 06 db d0 4b a7 67  6.'....Z'....K.g
   448 5a 0d 00 00 00 00 00 00 00 00 00 00 22 bd a5 45  Z..........."..E
   464 be 1f 00 00 00 00 00 00 67 01 00 00 00 00 00 00  ........g.......
   480 00 00 00 00 00 00 00 00 00 00 00 00 00 00 00 00  ................
   496 c0 34 00 00 00 00 00 00 c7 34 00 00 00 00 00 00  .4.......4......
   512 01 00 00 00 00 00 00 00 08 00 00 00 00 00 00 00  ................
   528 22 bd a5 45 02 00 00 00 1e 8b 44 ff 86 ea 51 66  "..E......D...Qf
   544 6e 03 11 3f 3c 5f 4c 66 ba 8f c8 f7 eb 94 1c a2  n..?<_Lf........
   560 08 00 81 4d 5f cc 57 ef ba 67 4c 52 8b 5b e1 36  ...M_.W..gLR.[.6
   576 00 00 00 00 00 00 00 00 00 00 d8 05 a7 87 25 21  ..............%!
   592 00 00 00 00 00 00 bf 01 00 00 00 00 00 00 00 00  ................
   608 00 00 00 00 00 00 00 00 00 00 00 00 00 00 2b 35  ..............+5
   624 00 00 00 00 00 00 2e 35 00 00 00 00 00 00 01 00  .......5........
   640 00 00 00 00 00 00 05 00 00 00 00 00 00 00 d8 05  ................
   656 a7 87 02 00 00 00 d3 b8 d5 a3 1e 5a bd 6c 61 21  ...........Z.la!
   672 2c c2 b9 4d 4f 60 6b e8 4a d4 aa 55 93 eb 98 53  ,..MO`k.J..U...S
   688 36 cc 48 6b 60 e8 e9 f2 44 e7 5d 32 e9 c0 00 00  6.Hk`...D.]2....
   704 00 00 00 00 00 00 00 00 4b 52 41 4d 2d 46 4f 45  ........KRAM-FOE
   720 48 43 41 43 45 50 49 50 13 00 00 00 00 00 00 00  HCACEPIP........
   736 18 23 2d 14 77 78 41 1e 52 07 f1 4f 90 45 38 24  .#-.wxA.R..O.E8$
   752 d2 57 1d 00 00 00 00 00 00 01 00 00 00 41 3f 3b  .W...........A?;
   768 a8 c0 b8 a4 25 d1 8f 87 63 3c 37 09 24 19 29 6b  ....%...c<7.$.)k
   784 d7 94 9f 2a 96 ed 69 c6 ec 3b 12 44 b2 41 6a 9b  ...*..i..;.D.Aj.
   800 c6 17 e1 21 02 00 00 00 00 00 00 00 00 00 00 00  ...!............
   816 00 00 00 00 00 00 00 00 00 00 00 00 00 00 00 00  ................
   832 00 00 00 00 00 00 00 00 00 00 00 00 00 00 00 00  ................
   848 00 00 00 00 00 00 00 00 00 00 00 00 00 00 00 00  ................
   864 00 06 00 00 00 00 00 02 04 08 00 00 00 01 00 04  ................
   880 00 40 00 01 00 01 10 04 01 40 00 01 00 01 20 04  .@.......@.... .
   896 02 40 00 01 00 01 30 04 03 40 00 01 00 02 00 04  .@....0..@......
   912 05 10 00 01 00 00 04 05 00 00 05 07 00 01 00 00  ................
   928 01 00 0f 00 01 00 00 01 00 0f 00 01 00 00 01 00  ................
   944 0f 00 01 00 00 01 00 0f 00 01 00 00 01 00 0f 00  ................
   960 01 00 00 01 00 0f 00 01 00 00 01 00 0f 00 00 00  ................
   976 00 00 00 00 00 00 00 00 00 00 00 00 00 02 00 00  ................
   992 00 00 00 00 00 00 00 00 00 00 00 03 00 00 00 00  ................
  1008 07 00 00 00 00 00 00 00 07 00 00 00 ff ff 1a 00  ................
  1024 00 00 09 00 10 00 00 00 00 00 00 00 00 00 00 00  ................
  1040 00 00 00 00 00 00 00 00 00 00 00 00 00 00 00 00  ................
  1056 00 00 00 00 00 00 00 00 00 00 00 00 00 00 00 00  ................
  1072 00 00 00 00 00 00 00 00 00 00 00 00 00 00 00 00  ................
  1088 00 00 00 00 00 00 00 00 00 00 00 00 00 00 01 00  ................
  1104 00 00 01 00 00 00 00 00 00 00 0b 00 00 00 0c 0a  ................
  1120 10 00 02 02 00 00 01 01 01 00 00 00 f8 09 d0 dc  ................
  1136 45 09 35 9f b2 cd 94 89 54 94 4e d3 f9 28 83 9e  E.5.....T.N..(..
  1152 61 bc cc 50 94 2c 51 ec c5 ec f1 14 85 da 85 77  a..P.,Q........w
  1168 13 03 eb 22 00 00 00 00 00 00 00 00 00 00 00 00  ..."............
  1184 00 00 00 00 00 00 00 00 00 00 00 00 00 00 00 00  ................
  1200 00 00 00 00 00 00 00 00 00 00 00 00 00 00 00 00  ................
  1216 00 00 00 00 00 00 00 00 00 00 00 00 00 00 00 00  ................
  1232 06 00 00 00 00 00 02 04 08 00 00 00 01 00 04 00  ................
  1248 40 00 01 00 01 10 04 01 40 00 01 00 01 20 04 02  @.......@.... ..
  1264 40 00 01 00 01 30 04 03 40 00 01 00 02 00 04 05  @....0..@.......
  1280 10 00 01 00 00 04 05 00 00 05 07 00 01 00 00 01  ................
  1296 00 0f 00 01 00 00 01 00 0f 00 01 00 00 01 00 0f  ................
  1312 00 01 00 00 01 00 0f 00 01 00 00 01 00 0f 00 01  ................
  1328 00 00 01 00 0f 00 01 00 00 01 00 0f 00 00 00 00  ................
  1344 00 00 00 00 00 00 00 00 00 00 00 00 02 00 00 00  ................
  1360 00 00 00 00 00 00 00 00 00 00 03 00 00 00 00 07  ................
  1376 00 00 00 00 00 00 00 07 00 00 00 ff ff 1a 00 00  ................
  1392 00 09 00 10 00 00 00 00 00 00 00 00 00 00 00 00  ................
  1408 00 00 00 00 00 00 00 00 00 00 00 00 00 00 00 00  ................
  1424 00 00 00 00 00 00 00 00 00 00 00 00 00 00 00 00  ................
  1440 00 00 00 00 00 00 00 00 00 00 00 00 00 00 00 00  ................
  1456 00 00 00 00 00 00 00 00 00 00 00 00 00 01 00 00  ................
  1472 00 01 00 00 00 00 00 00 00 0b 00 00 00 0c 0a 10  ................
  1488 00 02 02 00 00 01 01 01 00 00 00 49 14 6e de 9f  ...........I.n..
  1504 38 88 37 32 c4 43 64 c8 9d c1 89 14 aa 9a 8e 6a  8.72.Cd........j
  1520 47 8e 1e c0 9b 82 58 7b 3e ab 15 6c 10 e2 83 da  G.....X{>..l....
  1536 c6 73 98 00 00 00 00 00 00 00 00 00 00 00 00 00  .s..............
  1552 00 00 00 00 00 00 00 00 00 00 00 00 00 00 00 00  ................
  1568 00 00 00 00 00 00 00 00 00 00 00 00 00 00 00 00  ................
  1584 00 00 00 00 00 00 00 00 00 00 00 00 00 00 00 06  ................
  1600 00 00 00 00 00 02 04 08 00 00 00 01 00 04 00 40  ...............@
  1616 00 01 00 01 10 04 01 40 00 01 00 01 20 04 02 40  .......@.... ..@
  1632 00 01 00 01 30 04 03 40 00 01 00 02 00 04 05 10  ....0..@........
  1648 00 01 00 00 04 05 00 00 05 07 00 01 00 00 01 00  ................
  1664 0f 00 01 00 00 01 00 0f 00 01 00 00 01 00 0f 00  ................
  1680 01 00 00 01 00 0f 00 01 00 00 01 00 0f 00 01 00  ................
  1696 00 01 00 0f 00 01 00 00 01 00 0f 00 00 00 00 00  ................
  1712 00 00 00 00 00 00 00 00 00 00 00 02 00 00 00 00  ................
  1728 00 00 00 00 00 00 00 00 00 03 00 00 00 00 07 00  ................
  1744 00 00 00 00 00 00 07 00 00 00 ff ff 1a 00 00 00  ................
  1760 09 00 10 00 00 00 00 00 00 00 00 00 00 00 00 00  ................
  1776 00 00 00 00 00 00 00 00 00 00 00 00 00 00 00 00  ................
  1792 00 00 00 00 00 00 00 00 00 00 00 00 00 00 00 00  ................
  1808 00 00 00 00 00 00 00 00 00 00 00 00 00 00 00 00  ................
  1824 00 00 00 00 00 00 00 00 00 00 00 00 01 00 00 00  ................
  1840 01 00 00 00 00 00 00 00 0b 00 00 00 0c 0a 10 00  ................
  1856 02 02 00 00 01 01 01 00 00 00 47 6d 4c 80 ae 59  ..........GmL..Y
  1872 5b de 31 fd 50 7d bb 13 b9 fc 65 4e dc 16 60 23  [.1.P}....eN..`#
  1888 15 e6 c0 0d 1b 77 8e 1b ab 65 c8 8a 8a b3 77 51  .....w...e....wQ
  1904 03 2a 00 00 00 00 00 00 00 00 00 00 00 00 00 00  .*..............
  1920 00 00 00 00 00 00 00 00 00 00 00 00 00 00 00 00  ................
  1936 00 00 00 00 00 00 00 00 00 00 00 00 00 00 00 00  ................
  1952 00 00 00 00 00 00 00 00 00 00 00 00 00 00 10 00  ................
  1968 00 00 00 00 04 0e 60 00 01 00 00 10 04 08 60 00  ......`.......`.
  1984 01 00 00 20 04 09 60 00 01 00 00 30 04 0a 60 00  ... ..`....0..`.
  2000 01 00 00 40 04 0f 60 00 01 00 00 50 0a 0b 60 00  ...@..`....P..`.
  2016 01 00 00 58 02 0c 60 00 01 00 01 00 04 0d 10 00  ...X..`.........
  2032 01 00 02 00 03 00 0c 00 00 00 03 00 05 01 08 00  ................
  2048 00 00 03 04 05 02 08 00 00 00 04 00 07 03 04 00  ................
  2064 00 00 05 00 0c 04 08 00 00 00 05 04 0c 05 08 00  ................
  2080 00 00 05 04 0c 06 08 00 00 00 05 04 0c 07 08 00  ................
  2096 00 00 00 04 05 00 00 05 07 00 01 00 00 01 00 0f  ................
  2112 00 01 00 00 01 00 0f 00 01 00 00 01 00 0f 00 01  ................
  2128 00 00 01 00 0f 00 01 00 00 01 00 0f 00 01 00 00  ................
  2144 01 00 0f 00 01 00 00 01 00 0f 00 00 00 00 00 00  ................
  2160 00 00 00 00 00 00 00 00 00 00 02 00 00 00 00 00  ................
  2176 00 00 00 00 00 00 00 00 03 00 00 00 00 07 00 00  ................
  2192 00 00 00 00 00 07 00 00 00 ff ff 1a 00 00 00 09  ................
  2208 00 10 00 00 00 00 00 00 00 00 00 00 00 00 00 00  ................
  2224 00 00 00 00 00 00 00 00 00 00 00 00 00 00 00 00  ................
  2240 00 00 00 00 00 00 00 00 00 00 00 00 00 00 00 00  ................
  2256 00 00 00 00 00 00 00 00 00 00 00 00 00 00 00 00  ................
  2272 00 00 00 00 00 00 00 00 00 00 00 01 00 00 00 01  ................
  2288 00 00 00 00 00 00 00 0b 00 00 00 0c 0a 10 00 02  ................
  2304 02 00 00 01 01 01 00 00 00 89 e4 08 ee 26 ec 8e  .............&..
  2320 04 50 0c fd a6 3d dd 05 2b a1 b0 e9 dd 3b 90 e1  .P...=..+....;..
  2336 fc c1 3f a2 f7 ae d8 9e bd eb e4 24 e4 db bd 3e  ..?........$...>
  2352 8c 00 00 00 00 00 00 00 00 00 00 00 00 00 00 00  ................
  2368 00 00 00 00 00 00 00 00 00 00 00 00 00 00 00 00  ................
  2384 00 00 00 00 00 00 00 00 00 00 00 00 00 00 00 00  ................
  2400 00 00 00 00 00 00 00 00 00 00 00 00 00 10 00 00  ................
  2416 00 00 00 04 0e 60 00 01 00 00 10 04 08 60 00 01  .....`.......`..
  2432 00 00 20 04 09 60 00 01 00 00 30 04 0a 60 00 01  .. ..`....0..`..
  2448 00 00 40 04 0f 60 00 01 00 00 50 0a 0b 60 00 01  ..@..`....P..`..
  2464 00 00 58 02 0c 60 00 01 00 01 00 04 0d 10 00 01  ..X..`..........
  2480 00 02 00 03 00 0c 00 00 00 03 00 05 01 08 00 00  ................
  2496 00 03 04 05 02 08 00 00 00 04 00 07 03 00 00 00  ................
  2512 00 05 00 0c 04 08 00 00 00 05 04 0c 05 08 00 00  ................
  2528 00 05 04 0c 06 08 00 00 00 05 04 0c 07 08 00 00  ................
  2544 00 00 04 05 00 00 05 07 00 01 00 00 01 00 0f 00  ................
  2560 01 00 00 01 00 0f 00 01 00 00 01 00 0f 00 01 00  ................
  2576 00 01 00 0f 00 01 00 00 01 00 0f 00 01 00 00 01  ................
  2592 00 0f 00 01 00 00 01 00 0f 00 00 00 00 00 00 00  ................
  2608 00 00 00 00 00 00 00 00 00 02 00 00 00 00 00 00  ................
  2624 00 00 00 00 00 00 00 03 00 00 00 00 07 00 00 00  ................
  2640 00 00 00 00 07 00 00 00 ff ff 1a 00 00 00 09 00  ................
  2656 10 00 00 00 00 00 00 00 00 00 00 00 00 00 00 00  ................
  2672 00 00 00 00 00 00 00 00 00 00 00 00 00 00 00 00  ................
  2688 00 00 00 00 00 00 00 00 00 00 00 00 00 00 00 00  ................
  2704 00 00 00 00 00 00 00 00 00 00 00 00 00 00 00 00  ................
  2720 00 00 00 00 00 00 00 00 00 00 01 00 00 00 01 00  ................
  2736 00 00 00 00 00 00 0b 00 00 00 0c 0a 10 00 02 02  ................
  2752 00 00 01 01 01 00 00 00 d6 d9 79 74 31 3e cf 74  ..........yt1>.t
  2768 7f 73 df fa 47 3a 10 d9 e1 b5 46 6e 24 cb 76 70  .s..G:....Fn$.vp
  2784 70 c6 e0 31 d7 8d 19 b7 23 f7 cb 28 8f 85 bb 64  p..1....#..(...d
  2800 00 00 00 00 00 00 00 00 00 00 00 00 00 00 00 00  ................
  2816 00 00 00 00 00 00 00 00 00 00 00 00 00 00 00 00  ................
  2832 00 00 00 00 00 00 00 00 00 00 00 00 00 00 00 00  ................
  2848 00 00 00 00 00 00 00 00 00 00 00 00 06 00 00 00  ................
  2864 00 00 02 04 08 00 00 00 01 00 04 00 40 00 01 00  ............@...
  2880 01 10 04 01 40 00 01 00 01 20 04 02 40 00 01 00  ....@.... ..@...
  2896 01 30 04 03 40 00 01 00 02 00 04 05 10 00 01 00  .0..@...........
  2912 00 04 05 00 00 05 07 00 01 00 00 01 00 0f 00 01  ................
  2928 00 00 01 00 0f 00 01 00 00 01 00 0f 00 01 00 00  ................
  2944 01 00 0f 00 01 00 00 01 00 0f 00 01 00 00 01 00  ................
  2960 0f 00 01 00 00 01 00 0f 00 00 00 00 00 00 00 00  ................
  2976 00 00 00 00 00 00 00 00 02 00 00 00 00 00 00 00  ................
  2992 00 00 00 00 00 00 03 00 00 00 00 07 00 00 00 00  ................
  3008 00 00 00 07 00 00 00 ff ff 1a 00 00 00 09 00 10  ................
  3024 00 00 00 00 00 00 00 00 00 00 00 00 00 00 00 00  ................
  3040 00 00 00 00 00 00 00 00 00 00 00 00 00 00 00 00  ................
  3056 00 00 00 00 00 00 00 00 00 00 00 00 00 00 00 00  ................
  3072 00 00 00 00 00 00 00 00 00 00 00 00 00 00 00 00  ................
  3088 00 00 00 00 00 00 00 00 00 01 00 00 00 01 00 00  ................
  3104 00 00 00 00 00 0b 00 00 00 0c 0a 10 00 02 02 00  ................
  3120 00 01 01 01 00 00 00 80 86 0b aa b2 aa da 66 1d  ..............f.
  3136 b9 15 3e cd 00 90 9a 31 c0 ea a8 92 fe a4 b8 c7  ..>....1........
  3152 57 44 42 cf 0f 7b 75 c3 02 73 22 0c 98 c2 49 00  WDB..{u..s"...I.
  3168 00 00 00 00 00 00 00 00 00 00 00 00 00 00 00 00  ................
  3184 00 00 00 00 00 00 00 00 00 00 00 00 00 00 00 00  ................
  3200 00 00 00 00 00 00 00 00 00 00 00 00 00 00 00 00  ................
  3216 00 00 00 00 00 00 00 00 00 00 00 06 00 00 00 00  ................
  3232 00 02 04 08 00 00 00 01 00 04 00 40 00 01 00 01  ...........@....
  3248 10 04 01 40 00 01 00 01 20 04 02 40 00 01 00 01  ...@.... ..@....
  3264 30 04 03 40 00 01 00 02 00 04 05 10 00 01 00 00  0..@............
  3280 01 01 00 00 05 07 00 01 00 00 01 00 0f 00 01 00  ................
  3296 00 01 00 0f 00 01 00 00 01 00 0f 00 01 00 00 01  ................
  3312 00 0f 00 01 00 00 01 00 0f 00 01 00 00 01 00 0f  ................
  3328 00 01 00 00 01 00 0f 00 00 00 00 00 00 00 00 00  ................
  3344 00 00 00 00 00 00 00 02 01 00 00 00 00 00 00 00  ................
  3360 00 00 00 00 00 03 00 00 00 00 07 00 00 00 00 00  ................
  3376 00 00 07 00 00 00 ff ff 1a 00 00 00 09 00 10 00  ................
  3392 00 00 00 00 00 00 00 00 00 00 00 00 00 00 00 00  ................
  3408 00 00 00 00 00 00 00 00 00 00 00 00 00 00 00 00  ................
  3424 00 00 00 00 00 00 00 00 00 00 00 00 00 00 00 00  ................
  3440 00 00 00 00 00 00 00 00 00 00 00 00 00 00 00 00  ................
  3456 00 00 00 00 00 00 00 00 01 00 00 00 01 00 00 00  ................
  3472 00 00 00 00 0b 00 00 00 0c 0a 10 00 02 02 00 00  ................
  3488 01 01 01 00 00 00 d2 e2 d2 4a 79 9b 12 d9 b0 50  .........Jy....P
  3504 b9 1e 51 78 1b 0a f3 df 70 e6 43 d1 53 61 ab 42  ..Qx....p.C.Sa.B
  3520 de c4 9e 07 92 cc 4a 08 af 94 46 fe b4 a6 00 00  ......J...F.....
  3536 00 00 00 00 00 00 00 00 00 00 00 00 00 00 00 00  ................
  3552 00 00 00 00 00 00 00 00 00 00 00 00 00 00 00 00  ................
  3568 00 00 00 00 00 00 00 00 00 00 00 00 00 00 00 00  ................
  3584 00 00 00 00 00 00 00 00 00 00 10 00 00 00 00 00  ................
  3600 04 0e 60 00 01 00 00 10 04 08 60 00 01 00 00 20  ..`.......`.... 
  3616 04 09 60 00 01 00 00 30 04 0a 60 00 01 00 00     ..`....0..`....